30 30 60 60
6.77547575e-01 3.24466560e-01 2.47127805e-01 5.57269243e-01
 4.04105444e-01 5.16184341e-01 7.35948325e-01 3.26946557e-01
 6.86381287e-03 2.68267849e-01 2.90123787e-01 7.40429741e-01
 6.87287359e-01 7.09337884e-01 6.43897400e-01 7.20820570e-01
 9.89900150e-02 5.38563982e-01 2.30408791e-01 4.23335264e-01
 5.29467480e-01 6.05855524e-02 1.14889581e-01 6.50898725e-01
 3.97165643e-01 6.26859145e-01 6.04147079e-01 7.11257712e-01
 2.66134663e-01 1.19479050e-01 2.39969813e-01 5.15158814e-01
 1.62551284e-01 6.00099324e-01 4.97558278e-01 6.55744466e-01
 3.61773051e-01 5.90747885e-02 3.76520870e-01 6.02387320e-01
 1.92092605e-01 1.90263602e-01 1.30389454e-01 7.39209145e-01
 5.40563758e-01 1.82372227e-01 1.19082304e-01 4.67805647e-01
 2.46701845e-01 1.40514765e-01 1.28107579e-01 2.63421396e-01
 4.56021972e-01 5.84705228e-01 4.84777014e-01 9.53608036e-02
 3.58843643e-01 7.44159440e-01 1.39529165e-02 6.88912340e-01
 1.58326641e-01 5.37846385e-02 6.15408581e-02 3.46011612e-01
 5.73629047e-01 7.35187223e-02 3.26152588e-01 5.77618202e-01
 4.69284888e-01 4.16747318e-01 3.49698339e-01 2.66849056e-01
 3.86293686e-01 5.15806570e-01 5.74033773e-01 4.93873779e-01
 5.14372342e-01 4.42388867e-01 7.33608363e-01 2.63524733e-01
 1.63748273e-01 1.01367414e-01 3.69759215e-01 8.22297559e-02
 1.46786395e-02 1.73026024e-01 4.82043530e-01 1.22214166e-02
 3.53298802e-01 1.43877286e-01 4.61125226e-01 3.71803260e-01
 1.32723000e-02 3.47883815e-01 5.63370819e-01 7.44062489e-01
 4.85188858e-01 1.32295072e-01 5.31177973e-01 3.80984344e-01
 4.11593990e-01 2.72598646e-01 6.36656291e-01 4.07934724e-01
 3.45122254e-01 6.45491464e-02 3.62276238e-01 5.65711847e-01
 6.29676150e-01 1.80934258e-01 2.64784610e-01 5.55121922e-01
 2.03936723e-01 6.47385627e-01 2.71196104e-01 5.94773384e-01
 5.10649027e-02 2.89872990e-01 2.70913150e-01 2.00777475e-02
 5.20775565e-01 2.98346317e-01 5.42436379e-01 8.45943841e-03
 4.55258849e-01 7.20982465e-02 7.47392257e-01 5.90958255e-01
 7.31049482e-01 8.31573739e-02 5.54976603e-01 1.66188433e-01
 5.59962782e-01 4.09710933e-01 1.84140201e-01 7.03727125e-01
 6.48990100e-01 4.69341256e-01 5.27008774e-01 3.84087488e-01
 5.91566740e-01 1.97306063e-01 6.53907381e-01 6.52079863e-01
 3.82572676e-01 8.80079814e-02 4.80987559e-01 5.73880134e-01
 2.16795443e-02 3.13551309e-01 7.45427040e-01 2.05591363e-01
 1.02383202e-01 2.53887254e-01 2.28405696e-01 3.17156984e-02
 4.06499738e-02 6.41083828e-03 5.65390190e-01 4.50292622e-01
 9.75266345e-02 5.89880470e-01 2.87340916e-01 2.53329899e-02
 6.14856740e-01 4.33567672e-01 2.38944576e-01 6.60576172e-01
 5.30705691e-01 6.21207710e-01 1.99774306e-01 1.73320497e-01
 2.12042318e-01 1.70968207e-01 2.16239557e-01 2.04760952e-01
 2.70960758e-01 4.64751886e-01 6.91777830e-01 1.21248143e-01
 7.30322624e-02 6.40275929e-01 7.39599962e-01 5.66772060e-01
 1.96760408e-01 5.92009802e-01 7.06062991e-01 5.16115321e-01
 2.50420991e-01 5.56140243e-01 1.68861303e-01 5.84500366e-01
 2.73856239e-01 5.82533905e-01 3.64617887e-01 4.86304972e-01
 6.15396449e-01 1.28338820e-02 8.91348752e-02 5.00639675e-01
 6.76893602e-01 4.95874586e-01 1.74801085e-01 4.72506749e-01
 9.58026506e-02 2.16617513e-01 6.75604338e-01 7.20581046e-01
 5.52979412e-01 1.62604665e-02 5.13789798e-02 6.43082745e-01
 1.84313433e-01 4.78302227e-01 2.86759223e-01 7.13442472e-01
 7.41166758e-01 4.42754449e-01 5.46321299e-01 2.23144641e-01
 2.78781592e-01 4.25988040e-01 7.37035244e-01 5.45107851e-01
 4.43728667e-01 6.66668154e-01 3.72190406e-02 2.58885884e-01
 4.86863390e-01 4.16863518e-01 5.82455706e-01 4.04228463e-01
 1.40973195e-01 8.07611251e-02 4.39395354e-01 2.61282020e-01
 3.80931289e-01 6.87743898e-01 6.09090980e-02 2.51608360e-02
 6.28751461e-01 4.92982133e-01 1.30068249e-01 8.05091130e-02
 6.27039276e-01 4.64849891e-01 3.08341022e-01 3.97039430e-01
 5.73256647e-01 3.37630413e-01 7.15798960e-01 6.96512238e-01
 9.81095780e-02 1.72037181e-01 2.38153256e-01 1.34685236e-01
 7.29876166e-01 7.10240192e-01 6.96900641e-01 2.26396298e-01
 2.87554929e-01 3.72478835e-01 1.55360917e-01 6.03364795e-01
 2.40524741e-02 3.81477327e-01 4.48335917e-01 2.36245113e-01
 1.19688474e-01 4.51948482e-01 1.50015451e-01 3.05704407e-01
 5.23123907e-01 6.95901689e-01 1.91838056e-01 3.00876398e-01
 2.01083436e-01 1.38983152e-01 1.17610317e-01 1.68611038e-01
 2.09972600e-01 3.80164967e-01 4.80465889e-01 7.22267048e-01
 7.08483057e-01 4.81073663e-01 4.36135544e-01 4.90909739e-01
 5.85257993e-01 8.70486406e-02 3.54866841e-03 2.76320437e-01
 6.90459406e-01 3.59572625e-02 1.35397377e-01 1.15877573e-01
 4.26577637e-01 1.57566606e-01 6.20467310e-02 3.85537182e-01
 2.12078318e-01 6.91187393e-01 1.11732723e-01 2.07802308e-01
 4.91002688e-01 4.24406000e-01 6.80256438e-01 3.05720903e-01
 6.91161443e-01 5.43612208e-01 1.02196322e-01 5.38220583e-01
 3.29044726e-01 1.20399606e-01 4.45005408e-01 1.60917184e-01
 1.37924367e-01 7.15700048e-01 2.24074475e-01 7.19598339e-01
 3.72914046e-01 4.27387551e-01 6.46305959e-01 6.37619475e-01
 4.95964942e-01 5.00331714e-01 6.00460232e-01 8.12471081e-02
 2.89064151e-01 2.63832080e-01 1.10121004e-01 5.97054884e-01
 2.56112663e-02 3.00865078e-01 6.49545267e-01 4.90081638e-01
 4.20091666e-01 7.32783922e-01 1.94635368e-01 1.84316995e-01
 4.51348650e-01 7.11968296e-01 5.39155614e-01 4.41433799e-01
 7.32189093e-01 6.18965893e-01 6.30301515e-01 7.12007443e-01
 5.04902757e-01 7.44962898e-01 3.73392254e-01 1.21617761e-01
 2.82803139e-02 4.38241344e-01 2.59732788e-01 5.57603727e-01
 5.28948430e-01 5.61091047e-01 2.97698191e-01 4.43899973e-02
 5.96116359e-01 1.01511908e-01 6.19957295e-01 6.92684687e-01
 1.58064825e-01 2.82569344e-01 6.20408395e-01 3.33617092e-01
 6.78896201e-01 4.42640061e-01 4.94893070e-01 3.01433525e-01
 5.61634308e-01 2.51506578e-01 3.40839845e-01 2.65665739e-01
 3.32929627e-01 6.47750882e-01 3.87568802e-01 1.29997548e-01
 6.30069121e-01 5.19237992e-01 4.18091320e-01 2.42974525e-01
 2.23199985e-01 3.57484354e-01 3.62986974e-01 5.73624198e-01
 6.30987744e-01 9.05426108e-02 7.37616634e-01 5.07576650e-01
 7.24131508e-01 2.71877855e-01 6.89541498e-03 4.40843061e-01
 6.87602758e-02 6.25550276e-01 1.20801622e-01 6.66595516e-02
 2.88116988e-01 1.37768473e-01 9.68016962e-02 6.33084748e-01
 1.42472290e-01 7.05636147e-01 1.10860869e-01 5.99283875e-01
 4.25325393e-01 2.20784920e-03 7.86382164e-02 5.16955730e-01
 3.52672787e-01 5.94296321e-02 2.00235173e-01 6.55331071e-02
 4.07895452e-01 4.34390280e-01 4.73065047e-02 3.29400179e-02
 2.81926712e-01 2.25099116e-01 6.25368225e-01 4.87756412e-01
 6.31734113e-01 3.13962937e-02 3.55994511e-01 7.18173090e-01
 7.37155453e-01 1.71561836e-01 5.61320531e-01 1.72418743e-01
 5.96884258e-02 6.17021511e-01 6.66595516e-02 0.4
 0.4 4.12372145e-01 2.17893657e-01 7.87463293e-02
 4.89095985e-01 2.33328512e-01 6.90510566e-01 7.11692512e-01
 1.69183490e-02 4.88719844e-01 7.46541046e-03 4.93889193e-01
 1.31800959e-01 1.65511355e-01 2.12302688e-01 3.15374899e-01
 3.64559476e-01 6.46795422e-01 4.55638083e-01 5.63670676e-01
 2.92619709e-01 3.78499769e-01 1.05620170e-01 7.28454983e-01
 4.74554880e-02 5.46739926e-01 6.91563079e-01 4.31822748e-01
 6.60376677e-01 0.4 0.4 1.37807010e-01
 7.35196195e-02 9.01742410e-02 5.32496155e-01 5.58949179e-02
 5.70611895e-01 9.34236537e-02 2.85640934e-01 4.39030657e-01
 2.60246743e-01 4.25492700e-02 1.39381505e-01 3.36549766e-01
 1.65868314e-01 4.98678019e-01 6.24762706e-01 5.13730849e-01
 6.02464347e-01 6.35435722e-01 7.05041592e-01 4.58659407e-01
 3.03410797e-01 1.74368719e-01 6.11453510e-01 4.99828995e-01
 3.56955281e-02 7.00179722e-01 3.82548596e-01 9.10972059e-02
 1.75999847e-01 1.01364938e-01 3.58417874e-01 6.27938673e-02
 3.00196009e-01 5.12577213e-01 1.50496267e-01 4.26395747e-01
 1.09516926e-01 5.42260314e-01 4.61669641e-01 1.75999847e-01
 7.45085796e-01 4.99006747e-01 1.37115479e-01 4.12503273e-01
 6.84275248e-02 6.27961650e-05 7.43343171e-01 2.95435100e-01
 5.08152909e-01 1.66270307e-01 5.61837515e-02 5.22295657e-03
 4.15768140e-01 5.36510069e-01 1.12556532e-01 6.60376677e-01
 2.77178089e-02 5.30752216e-01 2.77377295e-01 4.27942161e-01
 7.01352494e-01 5.00249947e-01 9.10972059e-02 6.33441594e-01
 1.73839709e-01 1.36120519e-01 4.11167408e-01 6.97449825e-01
 1.70058340e-01 1.74784386e-01 4.01996912e-01 7.45838695e-01
 7.22849809e-01 4.62851956e-01 6.54608852e-01 7.47954283e-01
 5.42927093e-01 1.46210650e-02 5.32895628e-01 3.96399735e-01
 3.83021363e-01 5.73406437e-01 6.84193428e-01 4.66345262e-01
 2.27579908e-01 3.82548596e-01 2.32129049e-01 6.05007406e-01
 5.43299281e-01 2.20158151e-01 6.89532208e-01 4.14257077e-01
 1.41614574e-02 3.79759492e-01 2.19626741e-01 6.88840462e-01
 4.55253146e-01 2.31026163e-02 3.48052808e-01 6.49761426e-01
 4.53614528e-01 5.68460997e-02 7.39228430e-01 6.24785846e-02
 4.50472374e-01 3.32759534e-01 4.60679071e-01 3.82151638e-01
 4.57244949e-01 5.87046126e-01 5.91567299e-01 2.04928034e-01
 2.57169309e-01 2.29658932e-01 6.77590334e-01 2.90224087e-01
 5.82270603e-01 3.28883296e-01 5.08058493e-02 3.38381745e-01
 6.51856478e-01 7.49824779e-01 2.27356870e-01 2.41917403e-02
 5.28099176e-01 2.64986658e-01 6.58494644e-02 1.11812567e-01
 6.53732003e-01 2.38571939e-01 4.98119688e-02 1.94966925e-01
 4.21091315e-01 3.92060971e-01 3.10292009e-01 4.84882996e-01
 7.49536595e-01 4.03064480e-01 3.54987490e-01 3.76192151e-01
 4.04949383e-01 4.28242922e-01 4.27796553e-01 4.41494029e-01
 2.79967862e-01 1.17543971e-01 8.75958304e-02 1.67972723e-01
 4.83386847e-01 2.21136862e-01 1.05188040e-01 4.04146164e-02
 5.43909538e-01 4.14838707e-01 7.34823861e-01 4.40207497e-01
 4.25387182e-01 3.19219763e-01 6.32733946e-02 5.06159571e-03
 2.17750700e-01 1.83979862e-01 1.90299927e-01 5.17246455e-01
 6.94797407e-01 6.61382866e-01 4.33346008e-01 2.54723475e-01
 1.86808265e-01 6.75674661e-01 3.88659573e-01 4.27786599e-01
 6.68300195e-01 6.12286275e-01 6.10818108e-01 3.71048448e-01
 3.18820831e-01 5.42524560e-01 4.83812689e-01 1.34923628e-01
 1.99248769e-01 6.32689964e-01 4.87863850e-01 1.24854409e-01
 2.55940282e-01 2.58664388e-01 2.68939832e-01 2.71170230e-01
 4.17125041e-01 7.08136464e-01 6.86609878e-01 3.33988744e-01
 7.00198056e-01 4.86416472e-01 5.17892899e-01 3.33293383e-02
 4.20803575e-01 6.11040015e-03 4.93629664e-01 3.15673780e-01
 6.93446997e-01 4.83634054e-01 6.71293701e-02 5.20127514e-01
 4.34019127e-01 6.94512480e-01 3.15923973e-01 6.20507401e-02
 5.28824965e-01 6.58283909e-01 1.47606167e-01 5.61708904e-01
 7.35953209e-02 5.85475106e-01 1.50049209e-01 6.17367127e-01
 5.18394237e-01 9.54291747e-03 3.86009017e-01 3.67054362e-01
 5.41869261e-01 4.02065454e-01 4.28909558e-01 2.15430485e-01
 3.99278194e-01 4.49198871e-01 2.73934275e-01 2.47616078e-01
 4.84601127e-01 3.90444375e-01 9.88905798e-02 4.68961119e-01
 6.47211620e-01 9.28354024e-02 5.50853503e-01 5.34526385e-01
 2.81780938e-01 3.10192685e-01 4.33711500e-01 4.65329476e-01
 1.20134763e-02 7.32681490e-02 4.27123504e-01 2.30641200e-01
 2.14217560e-01 7.23003653e-01 5.34729561e-01 1.62421338e-01
 1.21481206e-01 1.42784682e-01 3.63092869e-01 3.47657818e-01
 2.69571738e-01 3.19772904e-01 7.09926493e-01 7.40428005e-01
 2.93620442e-01 2.98772113e-02 2.62849373e-01 1.48495677e-01
 5.29684054e-01 4.36322781e-01 1.35321302e-01 3.42416949e-01
 2.42763713e-01 1.05865255e-01 2.60058544e-01 1.15538188e-01
 2.89762975e-01 2.64441929e-01 3.65226302e-01 4.95274030e-01
 1.74006343e-01 2.28066920e-01 2.97613133e-01 4.61849920e-01
 7.73403719e-04 4.40018246e-01 6.97979243e-01 3.11343918e-01
 3.54123856e-01 4.96445093e-03 5.32218552e-01 1.67470684e-01
 3.84991775e-01 3.86353174e-01 4.83851591e-01 5.35781202e-01
 6.54490940e-01 3.73351054e-01 6.37230272e-01 1.45468162e-01
 3.42012877e-01 2.49712949e-02 4.75079429e-01 2.87817233e-01
 2.03084368e-01 6.69104666e-01 5.95819807e-01 4.54609652e-01
 4.94602858e-01 1.90285764e-01 1.35585264e-01 1.12797014e-01
 3.97494655e-01 4.08001070e-01 5.61473796e-02 4.39581524e-01
 2.05643200e-01 6.62311867e-01 5.27931193e-01 2.36105439e-01
 2.43455398e-01 6.22343164e-01 4.74298164e-02 9.58103770e-02
 3.42764891e-01 2.53309906e-01 2.03541875e-01 2.37507707e-01
 4.38999084e-01 2.41136660e-01 3.19456992e-02 7.49036214e-02
 7.42848583e-02 7.39209229e-01 6.17943410e-01 6.34109634e-02
 4.85131165e-01 5.67713305e-01 5.38615267e-03 1.68250188e-01
 2.53981417e-02 4.33514085e-01 4.70381703e-01 2.74052436e-02
 8.50980288e-02 2.75271158e-01 3.87371217e-01 2.23741442e-01
 2.13230287e-01 7.23140751e-01 6.40451190e-01 7.33647448e-01
 4.77121151e-01 6.59666270e-01 6.30061441e-01 2.91707357e-01
 2.31673929e-01 7.40949499e-01 7.47330347e-01 5.27841786e-01
 4.01333089e-01 4.53006928e-01 7.00281205e-01 1.62036599e-01
 7.35818640e-01 2.05415412e-01 3.37516863e-01 4.64530082e-01
 7.20314164e-01 6.11584931e-01 8.32014951e-02 2.10919556e-01
 1.79441182e-01 4.57208642e-01 4.63558779e-01 6.17293085e-01
 1.62789101e-01 3.95501602e-01 1.07789205e-01 4.01824764e-02
 4.85956442e-03 2.06605753e-01 5.61023525e-01 5.83304741e-01
 1.62285275e-01 7.21061099e-01 2.24440962e-01 9.51157633e-02
 6.27990656e-01 6.47291574e-01 2.33924799e-01 1.29635241e-01
 1.54911041e-01 2.16156087e-01 2.78861175e-01 1.34183151e-01
 1.89942845e-01 2.19392988e-02 1.75642187e-01 2.40874540e-01
 5.43917410e-01 5.28460013e-01 6.96665446e-01 1.38361640e-02
 7.08527652e-02 5.04036904e-01 3.55048406e-01 4.41853969e-01
 2.68178126e-01 3.25926707e-01 6.53474535e-01 5.12199603e-01
 2.83893846e-01 2.97621102e-01 1.98423818e-02 3.78742082e-02
 4.85706795e-01 9.06405543e-02 3.63745429e-01 6.17856683e-01
 4.20723896e-01 5.73857294e-01 3.21597232e-01 3.86095942e-01
 1.01614514e-01 2.19851052e-01 5.40125551e-01 3.08062398e-01
 6.32467584e-01 2.01943564e-01 6.31200899e-01 3.17450083e-01
 2.37170465e-01 6.18807502e-01 1.20881594e-01 2.87105834e-01
 2.02896398e-01 3.75826748e-01 3.53401426e-01 1.27681048e-01
