30 30 60 60
1.63795562e-01 4.71633703e-01 4.27699653e-01 3.64878489e-01
 1.31407647e-01 5.96356406e-02 2.18876938e-01 4.06967868e-02
 3.05211034e-01 1.39737977e-01 1.27395578e-01 2.93026871e-01
 1.89489776e-01 2.16102838e-01 1.78477841e-02 4.27614018e-01
 1.81957487e-01 1.83303780e-01 3.41766709e-01 2.70399449e-01
 9.22461818e-02 2.88910423e-01 2.62962421e-01 1.37098023e-01
 1.52488357e-01 2.86449304e-01 3.72464417e-01 9.46242028e-02
 1.99545046e-01 4.98193484e-01 2.77800803e-01 3.52976947e-01
 3.98667071e-01 3.63085802e-01 2.18455899e-01 3.87811733e-01
 9.87854398e-02 1.13787240e-01 3.19316891e-01 3.37726498e-01
 1.55252811e-01 4.75798901e-01 4.81775641e-01 7.96094291e-02
 1.35843540e-01 4.67258971e-01 1.43301515e-01 1.27141523e-01
 3.66515061e-01 3.49276644e-01 1.00245246e-02 1.46188586e-01
 3.64470803e-01 3.60896559e-01 4.61434968e-01 3.33740420e-02
 3.36030635e-01 3.62605575e-01 2.55987444e-01 1.77417754e-01
 1.58584630e-01 3.00932574e-02 1.94560338e-01 3.68638353e-01
 4.33369400e-01 8.36494462e-02 4.75861069e-01 2.68181170e-01
 3.15254244e-01 2.58741234e-01 3.85806096e-01 4.36263326e-01
 2.66816709e-01 4.22963809e-01 3.42469201e-01 3.14261655e-01
 3.04603826e-01 3.93668892e-01 4.77924192e-01 1.25135973e-01
 1.03632957e-01 4.87910852e-01 4.82490108e-01 3.36372232e-01
 4.91615828e-01 2.96031259e-01 3.24241108e-01 1.21434168e-01
 1.89379313e-01 3.65472967e-01 1.27201974e-01 3.55781820e-01
 3.16168845e-01 4.49358337e-02 8.62027121e-04 1.64231736e-01
 3.16613893e-01 3.59120042e-01 2.23696254e-01 1.12678181e-01
 4.81056712e-01 4.25414452e-01 1.05121526e-01 7.67865714e-02
 3.03209307e-01 2.43543354e-01 2.44180996e-03 3.63681353e-01
 5.39000549e-02 4.22708553e-02 3.02378594e-01 2.28292781e-01
 2.07161570e-01 6.06477052e-02 2.13707530e-01 2.14949950e-01
 4.31418006e-01 1.86216442e-01 4.34262022e-01 1.30983692e-01
 1.52171438e-01 9.43386998e-02 4.06701587e-01 2.74921170e-01
 3.65730850e-01 5.91933704e-02 6.77891593e-02 4.35019935e-01
 3.78267624e-01 3.45185689e-01 1.35112702e-01 2.35023664e-01
 3.94317318e-01 1.00052122e-01 8.49555133e-02 3.94723929e-01
 3.74724830e-01 2.45280364e-01 2.93745276e-01 4.50536794e-01
 9.89884871e-02 4.31167856e-01 4.77401566e-01 8.36270435e-02
 3.35147687e-01 2.13612938e-02 4.70220996e-01 1.10118010e-01
 4.59493883e-01 1.52339000e-01 7.19388901e-02 5.72128777e-02
 1.09771685e-01 4.01370037e-01 9.52514993e-02 1.57418146e-01
 3.58496212e-01 4.92554381e-01 1.70440711e-02 2.23045542e-01
 2.63485367e-01 1.02881923e-01 1.94076796e-01 2.42105259e-01
 8.36609166e-02 4.08038342e-01 3.43076851e-02 4.97589242e-01
 3.31376417e-01 1.65442862e-01 3.28562205e-01 4.10393809e-01
 8.90083660e-02 1.07895192e-01 1.54836855e-01 3.08067583e-01
 3.97906192e-01 2.65892720e-01 9.84367806e-02 3.32765718e-01
 3.88035482e-02 1.75762257e-01 1.62803475e-01 3.79800220e-01
 4.23761127e-01 9.85894827e-02 3.66167493e-01 4.39396268e-01
 1.88190056e-01 4.29924585e-01 2.94878600e-01 2.41188874e-01
 2.66554153e-01 4.58286356e-01 9.52156308e-03 9.88841281e-02
 3.22137867e-02 1.91345782e-01 2.05520032e-01 3.21699479e-01
 4.29612056e-01 2.14733103e-01 3.22996833e-01 2.73698228e-01
 1.36799176e-01 2.94497222e-01 2.76525011e-01 1.14262025e-01
 4.81796723e-01 1.13684854e-01 2.95715429e-01 1.56574216e-01
 2.66185017e-01 2.95503302e-01 3.00148194e-01 2.03697715e-01
 2.84323289e-01 7.56853306e-02 3.56456970e-02 7.50732045e-02
 8.66775211e-02 6.13390895e-02 2.83524164e-01 3.61853438e-01
 3.26936990e-01 3.86024948e-01 2.59039156e-01 4.02156545e-03
 1.73487812e-01 4.81919743e-01 1.78957683e-01 2.33613111e-01
 3.85730696e-01 4.40494303e-01 3.73235921e-01 3.58578812e-02
 1.78174133e-01 9.53603796e-02 4.50453936e-01 1.05508730e-01
 3.43432860e-01 3.89093129e-01 6.90352691e-02 2.24875137e-01
 1.94584326e-01 2.42748726e-01 2.96450569e-01 3.51335545e-01
 4.33515974e-01 1.10440217e-01 2.99628848e-01 4.92438530e-01
 4.74173317e-01 4.68803613e-01 2.22145620e-01 4.22662518e-01
 3.74612314e-01 3.85540114e-01 3.10495655e-01 4.84928441e-01
 3.29614084e-01 2.04300311e-02 7.66882099e-03 1.44065613e-01
 4.04246101e-01 2.61464691e-01 2.57825398e-01 4.18869355e-01
 1.81741027e-01 3.87856537e-01 4.32730921e-01 1.72850048e-01
 1.77316666e-02 1.76572781e-01 3.96467741e-01 2.46920860e-01
 3.72274249e-01 3.24707077e-01 1.14022151e-01 4.54039826e-01
 2.74402933e-02 1.49138296e-01 2.85237534e-01 9.28202775e-03
 3.08393094e-01 2.02387696e-01 1.11803945e-02 4.43042914e-01
 2.92869032e-02 1.94931823e-01 3.78020416e-01 6.84383463e-02
 1.58875414e-01 1.40881153e-01 3.94236191e-01 6.82138921e-02
 2.34067807e-01 4.32525872e-01 2.07530372e-01 4.13052062e-01
 8.35934713e-03 2.76686695e-01 1.14728922e-01 4.33404376e-02
 6.22913549e-03 3.97179785e-01 3.81016143e-01 4.28655107e-01
 4.69154260e-01 2.39201638e-01 1.59293671e-01 3.38295672e-01
 2.90738372e-01 3.50033661e-01 2.93462074e-01 3.02869497e-01
 2.27502226e-01 2.43972918e-01 1.96942447e-01 2.03454401e-01
 2.25319942e-01 2.32137494e-01 4.08268931e-01 4.87710663e-01
 3.94963975e-01 2.93085185e-01 4.66078269e-01 4.49070848e-01
 2.00446912e-01 9.73305435e-02 1.38147769e-01 4.81676441e-01
 1.97366529e-01 2.69876303e-01 4.56989980e-01 4.75926361e-01
 3.98161535e-01 4.03673072e-01 2.76317159e-01 1.32757806e-02
 1.71994808e-01 3.00354129e-01 4.35812497e-01 3.94917495e-01
 3.89873094e-03 4.24675726e-02 1.11413214e-01 1.69575872e-01
 1.85647844e-01 8.60026802e-02 1.18810146e-01 3.15559844e-01
 4.20099851e-01 2.83267030e-01 4.32241588e-01 3.93069903e-02
 2.13359524e-01 2.82838648e-01 1.91276088e-01 1.78963921e-01
 5.63193519e-03 3.05919019e-01 3.10763276e-01 2.97337170e-01
 1.00129739e-01 2.68868144e-01 2.56627128e-01 1.14686071e-01
 3.05303408e-01 6.37289431e-02 2.82441403e-01 3.28578567e-01
 2.77806851e-01 4.15955472e-01 2.11008437e-01 2.52554762e-01
 1.33102207e-02 4.81633086e-01 3.62499138e-01 4.35152113e-02
 2.97123343e-01 1.51704226e-01 4.45292780e-01 4.81922538e-01
 4.26549451e-01 4.03642628e-01 4.41000889e-01 2.12543888e-02
 2.65589420e-01 3.11102482e-01 2.59385054e-01 1.05064485e-02
 5.37547066e-02 1.97917350e-03 1.80860623e-01 1.26617601e-01
 5.77650976e-02 4.37687797e-01 4.63330190e-01 4.45136717e-01
 4.60736352e-01 2.65649094e-01 4.92826816e-02 2.11962586e-01
 4.97225905e-01 9.25739157e-02 2.08746475e-01 7.87666510e-02
 3.02045886e-03 1.20293391e-01 1.57193337e-01 1.87065366e-01
 2.92520250e-01 2.62895552e-01 1.98254604e-01 2.01975674e-01
 4.62137437e-02 4.30411167e-01 5.32204092e-02 1.14755974e-02
 4.18935515e-01 2.98407254e-01 4.76560262e-01 1.02301582e-02
 4.52015111e-01 3.77327235e-01 9.51283434e-02 1.01260372e-01
 4.56073988e-01 2.03377116e-01 5.99956606e-03 1.52346964e-01
 1.79488868e-01 1.36421165e-01 1.05064485e-02 0.4
 0.4 2.80094756e-01 3.95795868e-01 3.64731470e-01
 1.20259283e-01 3.40182940e-01 3.15651124e-01 2.84457380e-01
 2.21065311e-01 2.24829608e-01 4.79944415e-01 1.94594066e-02
 4.09778527e-02 3.70553372e-01 2.79459970e-01 1.53619162e-01
 2.19887915e-02 3.61378401e-01 3.33342060e-01 6.86867319e-02
 3.38891582e-02 2.92709097e-01 4.11690928e-01 3.66142369e-01
 3.45770208e-01 3.54909246e-01 4.46967946e-01 3.40158424e-01
 4.57627414e-02 0.4 0.4 3.99308275e-04
 4.04164133e-01 4.53782456e-02 2.54002224e-01 1.93482639e-02
 2.66299110e-01 4.96001070e-01 4.60659067e-01 7.95892725e-02
 4.71638319e-01 4.58189107e-01 4.96641307e-01 9.10381136e-02
 4.33454187e-01 3.57539460e-01 2.61298202e-01 9.83785257e-03
 1.03414263e-01 2.14104215e-02 2.78497559e-01 2.30526473e-01
 4.15511610e-01 4.37273538e-01 4.86188099e-01 1.78466873e-02
 3.60530182e-01 1.40227397e-01 2.78626184e-02 4.41000889e-01
 3.10174733e-01 8.85443880e-02 3.27936627e-01 1.10730372e-01
 1.17628279e-02 4.65314871e-01 4.57627414e-02 2.45449190e-01
 2.64344620e-01 1.48626395e-01 1.36215323e-01 2.39423897e-01
 2.31419450e-02 4.06726770e-01 3.34961497e-01 2.21508038e-01
 2.47787724e-01 2.49894962e-02 1.36711675e-01 6.03335813e-02
 4.04622424e-01 3.38278642e-01 3.26405515e-01 2.93683826e-01
 1.23640180e-01 1.94523048e-01 2.63149388e-01 3.22414871e-02
 2.00551532e-01 1.93833898e-01 3.46237673e-01 4.28730026e-01
 4.01046459e-01 3.10174733e-01 1.65041113e-02 2.55857469e-01
 1.56527823e-01 2.78626184e-02 3.37361860e-01 3.53284220e-01
 2.13004669e-01 1.99229140e-01 4.70651236e-01 3.75353684e-01
 3.40752531e-01 1.65497056e-01 2.04346887e-01 4.19327959e-01
 3.15501756e-01 2.11421753e-01 1.45653050e-01 4.19738481e-01
 2.62231727e-01 8.01786203e-02 1.29826482e-01 3.00328892e-01
 4.74808396e-01 3.49734054e-01 4.41873966e-01 4.89262129e-01
 8.72224917e-03 2.68001003e-01 3.17251956e-01 4.88817295e-01
 4.66194450e-02 2.18894357e-01 1.53824135e-01 1.47349842e-01
 3.59302112e-01 3.22452427e-01 1.99485446e-01 1.72728173e-01
 3.95566663e-01 3.63133176e-01 1.15565436e-01 1.52623827e-01
 8.62624773e-02 2.72541726e-01 4.27880316e-01 4.97389807e-01
 2.95375107e-01 2.66004524e-01 8.85234910e-03 4.93473843e-01
 1.10133594e-01 1.94696889e-01 1.01712159e-01 1.25754565e-01
 3.72332616e-01 1.93790926e-01 3.94945880e-01 4.59971227e-02
 4.12009482e-01 2.52196690e-01 2.09367754e-01 5.74703017e-03
 7.91837516e-02 4.45857996e-01 4.94370303e-01 4.48679928e-01
 1.81720783e-01 3.22323224e-01 6.39932150e-02 4.85966707e-01
 1.91442154e-01 3.29115859e-01 1.45528981e-01 3.27202955e-01
 1.28434396e-01 1.58241505e-01 1.44153922e-01 2.09276743e-02
 1.10492324e-01 2.75950797e-01 1.35900690e-01 1.76972636e-01
 1.20426421e-01 1.75837485e-01 2.52545533e-01 1.63056062e-01
 1.66536080e-01 2.47477100e-01 2.39403933e-01 1.95495723e-01
 1.38771596e-01 2.83755656e-01 3.11457235e-01 2.21269911e-02
 4.11464467e-01 5.97171512e-02 1.34954829e-01 3.81039490e-01
 2.22857958e-01 2.54111270e-01 1.98468204e-01 3.17631121e-01
 4.81906572e-02 8.67797048e-02 5.44027206e-02 3.46633844e-01
 2.12692485e-01 8.16496221e-02 2.37850877e-01 3.05628771e-01
 9.25936631e-02 1.55126224e-01 3.13678406e-02 4.63629519e-01
 2.53906893e-01 6.52369342e-02 1.10559373e-02 1.02487354e-01
 2.45378267e-01 1.86194604e-01 1.09599006e-01 3.78308983e-01
 2.27321587e-01 1.80683930e-01 3.45768400e-01 4.31692141e-01
 3.61274515e-01 4.44923408e-01 1.74346253e-02 3.20069290e-01
 2.19203196e-02 6.78014430e-02 1.33818325e-01 9.48090881e-02
 1.79355630e-01 3.90383671e-01 2.85575300e-01 5.28988435e-02
 3.07233198e-02 4.46224129e-01 1.67298827e-01 4.47444377e-01
 1.41870469e-02 3.78558712e-01 7.20431523e-02 4.52994050e-01
 1.25633827e-01 1.00494498e-01 4.44720021e-01 4.37192701e-01
 2.98064186e-01 6.58058250e-02 2.40960979e-01 3.29869004e-01
 1.24002326e-02 3.59264060e-01 1.16498032e-01 1.34523893e-01
 4.14849896e-01 7.09534060e-03 1.43894899e-01 2.80099316e-01
 1.50351464e-01 2.07868588e-01 9.16499103e-02 1.47747008e-01
 3.03009981e-01 3.59447500e-01 3.18920669e-01 4.51214683e-01
 4.02503234e-01 3.27343638e-01 1.04101553e-01 4.52985881e-01
 2.70264540e-01 8.83126114e-02 8.17943928e-02 3.11476821e-01
 2.81855913e-01 2.52107966e-01 3.46173571e-01 3.86787428e-01
 3.59374768e-01 1.61655152e-01 2.69553354e-01 2.08411234e-01
 3.39171849e-01 2.22096878e-01 4.31926939e-01 8.49688431e-02
 4.65151725e-02 2.11207459e-01 1.46275320e-02 3.33185193e-02
 4.19013853e-01 3.03950104e-02 3.40890883e-01 4.71553259e-01
 3.46858291e-01 7.43197162e-02 3.92972205e-01 1.07099060e-01
 3.97165984e-01 3.28426292e-01 3.37688779e-01 1.70809459e-01
 3.66544322e-01 2.40619008e-01 4.82380043e-01 2.85019491e-01
 2.90662652e-01 8.05674668e-02 2.15690981e-01 1.52357161e-01
 3.00646751e-01 6.88050955e-02 1.26868082e-01 1.49102634e-02
 2.62615880e-01 1.37555688e-01 2.96633486e-02 2.69812049e-02
 8.32891647e-03 1.06459802e-01 4.62099946e-01 3.34393450e-01
 3.16479758e-01 1.17736794e-01 3.32087016e-01 1.87986750e-01
 3.88242137e-01 4.07307302e-01 9.11322955e-02 2.86987290e-01
 1.04992113e-01 8.48656632e-04 3.74529688e-01 3.20789568e-01
 3.31081434e-01 3.25446281e-01 4.34979755e-01 1.03185553e-01
 2.64454468e-01 4.29492481e-01 2.15704658e-01 3.29179990e-01
 3.06164468e-01 3.22310326e-01 6.03145742e-02 2.71728171e-01
 6.37258400e-02 2.93434433e-01 4.47003887e-02 3.51224585e-01
 4.26096907e-02 2.07815002e-01 3.55728174e-01 1.51769604e-01
 1.58090303e-01 3.03553456e-01 3.45151915e-01 3.24231892e-01
 2.23855466e-01 2.83125785e-01 8.91160149e-02 1.10587331e-01
 2.76598631e-01 1.28118912e-01 6.99530948e-02 3.58231793e-03
 4.24885243e-01 2.93927963e-01 4.31605890e-01 2.21922079e-01
 1.29473822e-01 1.11764460e-01 4.88079616e-01 2.13971857e-01
 3.48815047e-01 1.34679297e-02 1.40723123e-01 2.86239548e-01
 1.49260496e-01 4.57180806e-01 4.53228222e-01 3.21699951e-01
 2.95187176e-01 3.51874455e-01 4.15861144e-01 1.42868966e-01
 2.06627165e-01 8.03588099e-02 3.46275421e-01 4.02901694e-01
 5.96537035e-02 2.85831395e-01 4.49235865e-01 2.32033154e-01
 4.44075478e-01 3.79804740e-01 4.58559084e-01 3.20963235e-01
 2.86028017e-01 2.06310797e-01 4.55987848e-01 1.25252367e-02
 4.80664361e-01 1.52107298e-01 1.71954487e-01 2.61354920e-01
 2.75140343e-01 2.15789841e-01 4.02310179e-01 2.50413297e-01
 7.77435057e-02 1.24886560e-01 1.23275104e-01 4.01658969e-01
 1.38269569e-01 4.13184977e-01 2.96207520e-01 4.12219955e-01
 3.68910313e-01 1.86861144e-01 3.83148814e-01 4.52555293e-01
 4.07253964e-01 1.64878379e-01 1.39656826e-01 2.76702679e-01
 2.07244572e-01 3.05959406e-01 2.62038737e-01 2.74108560e-01
 2.89953995e-01 3.93051407e-01 4.80620459e-01 2.06198207e-01
 3.23775583e-01 3.37766877e-02 4.89863798e-02 4.67408459e-01
 6.08852875e-03 3.80865886e-01 1.96789396e-01 4.29370812e-01
 4.16979739e-01 2.14172487e-01 1.08355104e-01 4.66388821e-01
 4.43001451e-01 1.91186730e-01 3.78936438e-07 3.75380828e-01
 1.80615728e-02 2.07290368e-01 3.03630744e-01 5.12556879e-04
 4.63734192e-01 2.33727959e-01 3.79441267e-01 4.03936347e-01
 4.88670391e-01 3.55114288e-01 4.95764393e-01 4.55034456e-01
 1.62283911e-01 4.30388736e-01 2.39905110e-01 6.51416138e-02
