30 30 60 60
7.88570695e-02 6.32414195e-03 1.37463792e-01 8.21857003e-02
 2.34408356e-02 1.42311530e-01 1.82419963e-02 8.37931645e-02
 2.00267337e-01 3.12352642e-01 2.05923225e-01 3.51211484e-01
 2.44741843e-01 4.10832243e-01 1.06673172e-01 3.76900663e-01
 4.53634380e-01 3.35974740e-01 4.18626028e-01 2.92861094e-02
 2.55983500e-01 3.83951823e-01 4.65082081e-01 4.08593874e-01
 2.77501656e-01 4.81926932e-01 1.39505952e-01 1.61651440e-02
 4.24695979e-01 1.81966901e-01 3.09618052e-01 2.44362247e-01
 1.38010493e-01 3.51730177e-01 6.14494692e-02 3.80849388e-01
 2.30592741e-01 4.07057256e-01 2.61865909e-01 7.26911928e-02
 4.65579426e-01 3.87380759e-01 2.51586907e-01 2.32772323e-01
 2.22000936e-01 2.69205741e-02 3.96924895e-01 4.79024568e-01
 7.27864792e-02 1.88918805e-01 4.34195067e-01 1.59766816e-01
 2.95552589e-01 4.50535144e-01 1.76953625e-01 5.35437178e-03
 7.84253712e-02 3.24979551e-01 9.62835341e-02 1.04769299e-01
 1.66950740e-01 3.54136906e-01 4.63513679e-01 3.92574161e-01
 2.72208902e-01 8.80863465e-02 2.97602160e-01 2.14941859e-01
 9.23457779e-02 4.22229066e-01 4.52011173e-01 4.58690831e-02
 3.12386878e-01 6.81560626e-02 3.04557486e-01 1.44343515e-01
 3.33771647e-01 2.16002435e-01 3.95963837e-01 3.11162526e-01
 3.13970801e-01 6.53452581e-02 7.62499821e-02 2.54615056e-01
 3.76088117e-01 1.19070723e-01 4.38608206e-01 2.69933783e-01
 1.02280894e-01 4.40664208e-01 4.81248194e-01 4.65936898e-01
 1.36371717e-01 1.68622451e-01 2.45537167e-01 3.41395157e-01
 2.88627604e-01 1.24806728e-01 2.98409681e-04 2.53144610e-01
 9.93526689e-02 1.47739194e-01 4.07315318e-01 3.11908433e-01
 3.28150251e-01 2.90974154e-01 4.90391682e-01 1.20433683e-01
 4.15292126e-01 7.99361165e-02 4.66832975e-01 1.42317060e-01
 1.94260942e-02 2.86754774e-02 9.17640786e-02 2.16146318e-01
 1.79763073e-01 4.91253980e-01 1.68243722e-01 1.21887056e-02
 1.32502841e-01 8.62960055e-02 5.10165924e-02 4.09829951e-01
 3.66582725e-01 2.33373049e-01 1.42100337e-01 3.86316684e-01
 4.42403267e-01 4.80553800e-01 3.85856965e-01 3.24512483e-01
 2.65186028e-01 1.54060327e-01 3.37727691e-01 3.16675350e-01
 1.53148812e-01 4.46537762e-01 3.77749278e-01 4.04169142e-01
 3.47406128e-01 2.06159972e-01 3.19805944e-01 2.49745427e-01
 1.56624679e-01 2.32993290e-02 3.53373789e-01 1.68741031e-01
 1.97280462e-01 3.77646776e-01 2.84102528e-01 2.31149713e-01
 2.89531084e-01 3.11986371e-01 1.24945195e-01 2.87258425e-01
 4.87747669e-01 4.70163647e-01 4.09278388e-01 4.40744209e-01
 7.42898697e-02 4.62350700e-01 1.07421742e-02 4.50601547e-01
 3.76852447e-01 3.11614346e-01 1.06921427e-01 1.20101907e-01
 1.50465266e-02 2.08270853e-01 4.41207219e-01 1.59855468e-01
 3.54535615e-01 4.53839319e-01 1.03729847e-01 4.15061990e-01
 8.88705907e-02 3.45902670e-01 1.21779697e-01 2.18724308e-01
 2.84228445e-01 4.89100429e-02 4.76527354e-02 3.07422515e-01
 7.44434777e-02 6.89157596e-03 4.81136024e-01 2.91597042e-01
 2.69548812e-01 2.23559294e-01 4.07471818e-01 3.98170166e-01
 6.47403040e-02 2.68471165e-01 2.01990202e-01 1.54395964e-01
 3.15764155e-01 4.59923393e-01 4.08768266e-01 3.81531044e-02
 3.04019587e-01 2.54053686e-01 3.39044035e-01 4.36942525e-01
 3.94074383e-01 2.21082099e-01 7.03065488e-03 8.71367138e-02
 6.62397331e-02 4.26134453e-01 3.92611996e-01 9.44757313e-02
 5.30886556e-02 2.41477786e-01 2.86615799e-01 4.11560056e-01
 2.15722686e-01 3.85884562e-01 9.93070551e-02 2.23920652e-01
 3.62180282e-01 4.29866791e-01 9.50872347e-04 3.92156036e-01
 1.72292417e-01 3.14422805e-01 2.15536656e-01 2.08497065e-01
 6.18156211e-02 3.26238406e-03 2.91700816e-01 2.37230219e-01
 4.85398985e-01 3.51010785e-01 1.75833493e-01 4.44895321e-01
 4.29887435e-01 1.21621244e-01 3.92568463e-01 3.79983692e-01
 3.67845573e-01 2.77080975e-01 2.74224705e-01 4.03237323e-01
 3.29244621e-01 5.66502041e-02 2.32318572e-01 4.43397807e-01
 3.44449033e-02 1.76659170e-01 4.26851148e-01 1.54814637e-01
 1.42786437e-01 4.27493633e-01 3.56510316e-01 2.66736462e-01
 4.81533611e-01 1.18308404e-01 1.08380129e-01 3.07728328e-01
 2.73196414e-01 2.85933147e-01 4.85036009e-01 3.65336621e-01
 1.51007633e-01 3.60164211e-01 2.80918082e-01 2.79383250e-01
 1.12245501e-01 2.86623701e-01 4.89764817e-01 6.58452678e-02
 9.84689422e-02 3.33859609e-01 4.33987436e-01 1.86655370e-01
 2.93362897e-01 1.58727885e-01 2.86277086e-01 3.20099377e-01
 2.18739609e-01 1.10125748e-01 1.48874319e-01 3.72703746e-01
 4.99774209e-01 9.69239006e-02 2.59163935e-01 4.05017734e-01
 3.95810783e-01 2.94367903e-01 1.84970222e-01 2.90658973e-01
 3.37191436e-01 1.63585595e-01 3.01266899e-01 9.94998505e-02
 1.24940680e-02 3.89324133e-01 1.33903173e-01 2.92845140e-01
 1.54811245e-01 7.10061597e-02 1.63524490e-01 2.20508537e-01
 2.53236036e-01 2.46340563e-02 1.91705100e-01 2.66040582e-01
 1.61013940e-01 6.56884907e-02 6.77450776e-02 8.33906310e-02
 3.90302929e-01 7.68457400e-02 4.03541152e-01 4.54882106e-01
 9.08485791e-03 4.15113416e-01 3.14752052e-01 8.29236981e-02
 1.24926035e-01 3.44035997e-01 2.09679905e-01 1.21085140e-01
 1.14940260e-01 2.81796623e-01 4.79066141e-02 3.84169375e-01
 1.46315464e-01 3.79468559e-02 2.63752366e-01 3.78153369e-01
 5.79803157e-02 1.95898131e-01 2.27604218e-01 1.01649093e-01
 1.74762483e-01 2.89862272e-02 4.48862176e-01 3.10749777e-01
 2.80906604e-01 3.23555135e-01 2.52040531e-01 3.93966402e-01
 3.62895550e-01 2.93195826e-02 3.37689200e-01 6.60015175e-02
 3.64650592e-01 3.02917052e-01 4.17330685e-01 5.37535240e-03
 4.33897045e-01 4.51852048e-01 3.45727972e-01 2.75626929e-01
 9.25931349e-02 1.02615329e-02 3.33656097e-01 4.76313814e-01
 1.61409368e-01 4.32330377e-01 3.35306189e-01 9.10102452e-02
 8.84280256e-02 1.52568175e-01 1.41381324e-02 3.59425406e-01
 1.66828987e-01 1.32307115e-01 4.61650789e-01 3.29499715e-01
 1.70071741e-01 4.49245693e-02 3.58079347e-01 1.45776090e-01
 4.58932682e-01 3.86507730e-01 3.05042710e-01 2.90781542e-01
 1.97216170e-01 3.45209991e-01 4.55004732e-01 4.43193392e-01
 3.45457038e-01 3.33143239e-01 2.97307404e-02 2.08836455e-01
 3.26223041e-01 3.46462140e-01 3.59248244e-01 4.45891334e-01
 1.23489322e-01 3.26722888e-01 1.05780784e-01 6.91313427e-02
 4.44379134e-01 5.72068972e-02 3.87854637e-01 4.97785324e-02
 4.89704065e-01 4.61736231e-01 1.74261721e-01 1.18246733e-01
 2.58231191e-01 1.05088095e-01 3.45163946e-01 2.63255281e-01
 2.40283649e-02 5.36797787e-02 3.18506928e-02 3.70112959e-01
 8.32288474e-02 9.89993099e-02 4.07385099e-01 2.48599605e-01
 3.14675907e-01 4.21312632e-01 4.89317192e-02 2.41800389e-01
 4.38005033e-01 3.19467529e-01 9.30684955e-02 2.17527499e-01
 3.76491296e-01 1.38344911e-01 1.33705865e-01 1.57985072e-01
 3.64648791e-01 1.47453511e-01 4.83093519e-01 1.66088889e-01
 2.16225638e-01 3.85344621e-01 2.08836455e-01 0.4
 0.4 2.18297801e-01 1.43568772e-01 3.38204805e-01
 3.14147304e-01 8.73401068e-02 3.84367641e-01 4.08802115e-01
 1.50506446e-01 3.88242899e-03 3.98561043e-01 3.75550650e-01
 8.45076002e-02 8.77798067e-02 3.78109363e-01 2.14949505e-01
 1.61528957e-01 4.45454883e-01 3.89507042e-01 3.83044187e-01
 4.30101799e-01 8.99495330e-02 2.56441091e-01 3.05527868e-01
 3.52894606e-01 2.59623352e-01 3.37075979e-01 6.55239223e-02
 4.61736231e-01 0.4 0.4 4.08240085e-01
 1.49290695e-01 3.35031964e-01 1.24906444e-01 3.70958207e-01
 2.47691410e-01 1.05746202e-01 2.11397815e-01 4.65683405e-01
 2.40704202e-01 3.59760375e-01 7.57950968e-02 2.18248093e-01
 4.55873842e-01 2.40367832e-01 4.26269421e-01 1.42712699e-01
 2.58567530e-01 3.40601833e-01 4.96186787e-01 4.30606746e-01
 1.56420764e-01 4.54341899e-01 2.94442290e-01 2.57807935e-01
 3.25457788e-01 3.33279589e-01 1.11284590e-01 1.78879686e-01
 3.05401544e-01 3.90231153e-01 2.09769091e-01 1.10342798e-02
 3.58408446e-01 1.34088749e-01 3.80187091e-01 2.08444610e-01
 9.49330139e-02 3.55444850e-01 3.61525538e-02 4.91340908e-01
 1.20958120e-01 3.46736793e-01 1.05331093e-01 4.00201501e-01
 4.43152798e-01 1.34981723e-01 4.55022686e-01 8.07003010e-02
 3.70324517e-01 4.25936044e-01 2.11792862e-01 2.46846785e-01
 4.84510298e-01 4.03000236e-01 3.78562764e-01 1.03822320e-01
 4.62461317e-01 1.43843603e-01 3.39036873e-01 2.37647117e-01
 4.80506303e-01 1.43474239e-01 1.68195740e-01 1.11284590e-01
 4.13757947e-01 4.50042058e-02 3.46840562e-01 2.48341419e-01
 3.50633059e-01 3.46514820e-01 2.58019824e-01 4.12976490e-01
 4.05383435e-01 8.33548058e-02 8.59539965e-03 4.00974014e-01
 1.00942712e-01 1.78879686e-01 2.41659866e-01 2.19103295e-01
 4.23658049e-01 1.00522449e-01 2.29009346e-01 2.13547071e-01
 7.99948180e-02 2.07711973e-01 3.54600768e-01 2.86382244e-01
 1.03529712e-02 3.88790068e-01 3.21867059e-01 1.21590951e-01
 6.39829763e-02 2.29739070e-01 1.05562525e-01 3.05401544e-01
 3.20026796e-01 2.76928404e-01 3.03110380e-01 3.89492888e-01
 4.03617836e-02 3.53889908e-02 3.13352701e-01 1.25180047e-01
 3.04758476e-01 3.57697650e-01 3.45377713e-01 4.46610565e-01
 9.33272896e-02 4.64870643e-01 1.79260260e-01 3.26014517e-02
 1.94450354e-01 4.43738147e-01 1.22954380e-01 3.61377460e-01
 3.72487139e-01 4.93684905e-01 2.00533553e-01 2.02059733e-01
 1.88668195e-01 2.36473880e-01 4.98125646e-01 4.48809945e-01
 5.42600885e-02 4.83974388e-01 3.78922954e-01 7.15580906e-02
 6.31481220e-02 4.99513528e-01 3.33712490e-01 2.31283604e-03
 2.64216260e-01 4.88761124e-02 2.32403544e-01 4.01220418e-01
 9.62359925e-02 4.60889942e-01 4.34889905e-01 3.70303538e-01
 6.96342553e-02 8.30494653e-02 3.46646102e-01 2.13915323e-01
 1.30869184e-01 1.46296358e-01 1.37675138e-02 2.42293312e-01
 2.20473985e-01 3.42839295e-01 1.48619478e-01 3.46088237e-03
 3.33437134e-01 1.64183012e-01 3.80220126e-01 4.21294089e-01
 2.15187200e-01 1.82240628e-01 4.95218262e-01 1.58970268e-01
 1.06825473e-01 2.87414184e-01 1.69280558e-01 6.87112754e-02
 4.12617541e-01 2.49718059e-01 1.48194939e-01 2.44589546e-01
 2.95393582e-02 1.26917492e-01 2.29269215e-01 1.67686550e-01
 1.28425545e-01 1.15353593e-01 3.61127244e-01 3.25137654e-01
 3.44364706e-01 3.37573085e-01 1.33746712e-02 4.11955258e-01
 4.03448603e-02 4.93443427e-01 3.95939584e-01 3.88291104e-02
 2.76858006e-02 8.18373908e-02 4.85922764e-01 2.53219221e-01
 1.12296238e-02 2.57709681e-01 2.27860578e-01 1.61573127e-01
 5.64105524e-03 1.87679336e-01 4.76986334e-01 8.96628316e-02
 1.01063672e-01 2.61887138e-01 4.62041939e-01 1.72291203e-01
 3.66686366e-01 1.21012289e-01 4.65852570e-01 2.18389369e-01
 2.90889310e-01 8.95499415e-02 3.40567476e-02 3.05921649e-01
 4.27980331e-01 4.50093440e-01 1.42205435e-01 9.74920524e-02
 1.51570545e-01 1.48994588e-01 1.70106896e-02 1.89441607e-02
 4.12853525e-02 4.76530958e-01 3.24941369e-01 9.38038339e-02
 3.80510058e-01 3.46517534e-01 2.16823349e-01 1.14841367e-01
 4.27318823e-01 2.81050447e-01 7.92673445e-02 2.26030971e-01
 2.83544595e-01 1.61892062e-01 2.61653782e-01 1.86839898e-01
 2.98393505e-01 1.69696194e-01 3.37224407e-01 3.00132837e-01
 4.91736680e-01 1.98435199e-01 4.99196720e-01 2.75473621e-01
 4.04397229e-01 4.34838758e-01 3.27903203e-01 3.08459656e-01
 3.09073571e-01 4.59155580e-01 3.94095752e-01 3.18503389e-01
 3.58679819e-01 2.08454764e-02 3.82918710e-01 3.30028748e-01
 4.78427581e-02 2.39622985e-02 1.94125716e-01 1.68168470e-01
 1.13954870e-01 8.73197770e-04 4.63535227e-01 2.05848514e-01
 4.29379126e-01 1.74426096e-01 1.40022350e-01 3.05980050e-02
 2.23973594e-02 1.54796280e-01 2.34579330e-01 4.22407859e-01
 6.04454670e-02 3.40638689e-02 2.64444728e-01 3.36635614e-01
 3.48743745e-01 4.21733840e-01 4.10219578e-01 3.25231031e-01
 1.31699864e-04 4.95565799e-01 1.76829698e-01 2.96063041e-01
 1.54301069e-01 2.19173574e-01 1.90754958e-01 4.94764357e-01
 3.95194440e-01 7.97143660e-02 4.93298776e-01 7.04105535e-02
 7.52777431e-02 3.47933465e-01 8.69272298e-03 2.18040737e-01
 7.92024270e-02 4.74338833e-01 4.65644557e-01 1.64243960e-01
 6.66287384e-02 2.80508066e-01 1.12281681e-01 3.69447394e-01
 4.76933874e-01 4.74019990e-01 4.49903312e-01 4.74546936e-01
 6.04853510e-02 1.43777214e-01 2.26706021e-01 1.77071504e-01
 1.87945106e-01 3.79031191e-01 4.24715050e-01 1.94954088e-01
 5.28044342e-02 2.01995537e-01 1.39584496e-01 4.59579652e-01
 4.29403731e-02 3.50615556e-01 1.24654038e-01 3.05547612e-01
 3.55276641e-01 2.85775892e-01 1.43627372e-01 1.02722033e-01
 2.08421157e-01 8.70286940e-02 2.67533710e-01 6.92745195e-02
 4.33767712e-01 1.28114006e-01 1.79047526e-01 2.25951696e-01
 4.97854095e-01 3.33007102e-01 4.07214843e-02 4.47694296e-01
 3.47624957e-01 3.66327527e-01 9.99965012e-02 4.71412962e-02
 8.96229817e-02 4.66600953e-01 2.77905786e-01 1.77464182e-01
 3.91523766e-01 2.69272967e-01 1.56863607e-01 3.78906763e-01
 4.28910629e-01 1.24160525e-01 4.21444161e-01 1.77868515e-01
 2.10228450e-01 8.95067884e-02 3.32996562e-01 4.51503054e-02
 5.11328732e-02 3.86872222e-01 2.23408521e-01 4.75181610e-01
 2.22969023e-01 1.16615218e-02 1.50796465e-01 2.94314847e-01
 3.37635324e-01 1.87257921e-01 1.82737479e-01 2.28302375e-01
 5.88327978e-02 3.06028139e-02 2.08079542e-01 1.48197981e-01
 2.43024184e-01 4.27299404e-01 4.56033957e-01 4.98357311e-01
 1.85420322e-01 4.16584838e-01 1.01835127e-01 3.00034950e-02
 4.17609657e-01 3.81637525e-03 2.33912143e-02 1.13359844e-01
 2.86545948e-01 1.29137672e-02 2.18975536e-01 1.60757177e-01
 3.57330965e-01 1.46858763e-01 2.76129799e-01 1.89506320e-01
 3.82035291e-01 1.66222466e-01 3.05629200e-01 8.44810272e-02
 9.41656220e-02 3.34891812e-01 1.33055340e-01 4.53477320e-01
 2.98098333e-01 4.26995579e-01 3.12546495e-02 7.36988879e-02
 3.69542312e-01 2.82176626e-01 4.05019167e-01 2.45571955e-01
 4.47003353e-01 4.67342037e-01 2.66555613e-01 4.93786464e-01
 7.13819677e-02 3.15043644e-02 3.08018391e-01 2.30599774e-01
 3.99241616e-01 1.91239823e-02 7.45064053e-02 1.57068806e-01
 2.02251283e-03 1.20372077e-01 2.24559901e-01 4.74634016e-01
 3.04806622e-01 7.73522948e-02 3.96739437e-01 3.48615028e-01
 4.76692835e-01 3.42617084e-01 1.33344029e-01 2.91306475e-01
