15 15 30 30
0.81962212 0.04038439 0.42626019 0.29216208 0.97286274 0.42300286
 0.62593091 0.44179026 0.54928872 0.4391169  0.68815308 0.60301982
 0.68257544 0.74719922 0.68173807 0.03884738 0.72681624 0.03190965
 0.32030848 0.44356555 0.37641969 0.03193567 0.77061885 0.77720093
 0.58934996 0.11928236 0.83080174 0.9846915  0.12783964 0.01738811
 0.89036448 0.44637861 0.41109695 0.18487628 0.93179996 0.02511748
 0.78906671 0.81875694 0.44860888 0.32487643 0.67902129 0.95663741
 0.00158884 0.84828527 0.09953217 0.75817059 0.71570198 0.39545605
 0.33232602 0.84544998 0.46402263 0.84502529 0.60571694 0.29821153
 0.82003592 0.64220343 0.94466721 0.45323978 0.91655559 0.95139423
 0.18043622 0.49108082 0.52550877 0.15891023 0.42669896 0.12860322
 0.48312024 0.77760496 0.87952989 0.33683541 0.66797109 0.24334048
 0.47958669 0.22655237 0.57053896 0.69328233 0.94351336 0.80645713
 0.49617402 0.50598711 0.21741077 0.48633785 0.93661047 0.93631153
 0.10152141 0.32041242 0.60430071 0.22516285 0.02515028 0.40127689
 0.22537105 0.43874477 0.34812538 0.96609066 0.08182802 0.85618669
 0.95139423         0.50598711         0.87952989         0.70309428 0.58657171 0.63680688
 0.57747462 0.50977478 0.60379364 0.52464971 0.37693048 0.40223068
 0.51491366 0.66644442 0.17320096 0.9957739         0.4         0.4
 0.98633132 0.94432966 0.26309359 0.12681369 0.24033332 0.74570838
 0.86623013 0.34568011 0.71038683 0.88562961 0.92063978 0.36860062
 0.17063921         0.4         0.4         0.65258446 0.27805942 0.65999348
 0.98679632 0.37247751 0.04527672 0.37842332 0.51562016 0.29112423
 0.84841192 0.2150212  0.70382626 0.09190938 0.59181612 0.99113286
 0.93563802 0.31130736 0.54833277 0.12454482 0.06645632 0.45567514
 0.60376661 0.59269409 0.81002215 0.18691881 0.3767342  0.98106285
 0.53525796 0.2433188  0.10880105 0.78447947 0.01239157 0.68188733
 0.44230171 0.89413061 0.2001904  0.59797222 0.82850289 0.9957739
 0.93812893 0.13723936 0.60053619 0.77729094 0.68563038 0.84130552
 0.06526967 0.99324065 0.40830207 0.47422876 0.1580302  0.47772839
 0.75165175 0.71964181 0.038016   0.76633808 0.66971857 0.38037157
 0.78982879 0.98641024 0.81681706 0.14092179 0.76303668 0.38502846
 0.11526954 0.18697097 0.92983822 0.10964987 0.6542991  0.42648787
 0.62435354 0.34052329 0.0829525  0.50432597 0.34523572 0.88036046
 0.71027986 0.22602661 0.954245   0.16525521 0.41544703 0.00327738
 0.69851053 0.79234697 0.02693736 0.08762406 0.35517965 0.51173066
 0.93082847 0.91612005 0.87114425 0.36728973 0.17063921 0.70336048
 0.99487962 0.96390826 0.85600372
