15 15 30 30
0.14212569 0.35514243 0.45026796 0.24981889 0.26937346 0.38965285
 0.19508338 0.29123922 0.11693143 0.07943163 0.27727212 0.45864841
 0.08833566 0.07574361 0.15124573 0.09513901 0.29799454 0.22330951
 0.35539053 0.12808756 0.38241862 0.48994178 0.40929013 0.06425565
 0.18306069 0.44760537 0.26027781 0.22726686 0.37569624 0.44895199
 0.48950672 0.43814817 0.04572794 0.35904014 0.49961235 0.3419066
 0.10018476 0.12536336 0.09204636 0.49392293 0.08740491 0.20538833
 0.0664843  0.18857047 0.12144575 0.0494681  0.06668311 0.43746363
 0.47536725 0.16011717 0.25915317 0.08115526 0.04720334 0.0114896
 0.43092037 0.11210377 0.01359696 0.02471926 0.24746569 0.32148061
 0.44744083 0.15099863 0.08147188 0.48540414 0.10753402 0.11287499
 0.42897943 0.00257162 0.04060285 0.39938066 0.10019776 0.04257894
 0.24037214 0.42696558 0.33055286 0.21697565 0.30390818 0.19366699
 0.46707862 0.35901811 0.24537506 0.31337034 0.18523529 0.14731171
 0.23929798 0.16604069 0.48926039 0.33301797 0.22482449 0.24241245
 0.24298025 0.49814768 0.1287891  0.20240232 0.12143006 0.24550968
 0.43746363         0.14731171         0.34505257         0.12886803 0.45723758 0.16261175
 0.2692893  0.37179774 0.02723373 0.22110204 0.12904076 0.07997126
 0.4136866  0.10565098 0.10782061 0.02446325         0.4         0.4
 0.43225442 0.31202061 0.45195984 0.28494869 0.02190906 0.42657732
 0.41107718 0.34894943 0.43734695 0.28383291 0.32683133 0.49625493
 0.22738328         0.4         0.4         0.44693915 0.24302287 0.37478308
 0.08340981 0.20434331 0.0804697  0.49874081 0.24202639 0.05422425
 0.31720277 0.17532775 0.2100488  0.21661478 0.42993396 0.1627667
 0.1163042  0.12530522 0.16693668 0.45640086 0.15151568 0.30662157
 0.27079831 0.43801645 0.44638384 0.49448384 0.11772444 0.0435912
 0.40737911 0.16494878 0.41396699 0.04782935 0.33862834 0.34505257
 0.17577283 0.03561568 0.22738328 0.02064714 0.43570874 0.11565857
 0.36452041 0.00864611 0.3583449  0.44659627 0.31741965 0.10921713
 0.4820759  0.48443557 0.40401129 0.21337882 0.13250582 0.01245555
 0.38299536 0.29428275 0.05751526 0.34308429 0.2571731  0.37566538
 0.36418332 0.17627997 0.36702241 0.3805117  0.49844141 0.07916522
 0.32591427 0.02362558 0.29439604 0.48359473 0.42621532 0.17872287
 0.27418534 0.13696161 0.34535594 0.1965907  0.39896752 0.45327654
 0.30605176 0.23420548 0.36971251 0.20880726 0.26277886 0.37153595
 0.03929963 0.14930202 0.02959512 0.4774846  0.04793917 0.3387949
 0.29518481 0.35925837 0.10362281 0.41460441 0.01127002 0.44161648
 0.01582201 0.03252032 0.02446325
