15 15 30 30
0.16078897 0.26505569 0.16567786 0.24376916 0.10719943 0.3414257
 0.63558754 0.25692495 0.2525184  0.69706489 0.31234694 0.41654114
 0.60473732 0.30389856 0.30272169 0.74572045 0.70875111 0.42197605
 0.34668854 0.59970565 0.45317076 0.17155752 0.7085369  0.64434269
 0.10482947 0.37256523 0.23629252 0.45876337 0.31414377 0.03361363
 0.64775568 0.28148973 0.74727337 0.69364647 0.26800668 0.3967636
 0.43277731 0.66420823 0.07651464 0.30329442 0.0095132  0.12066476
 0.101068   0.16488836 0.23164101 0.04363489 0.33789657 0.62954825
 0.46397537 0.28097694 0.52136507 0.36860352 0.65314026 0.46786688
 0.39341019 0.59617206 0.32129333 0.47649363 0.58822614 0.05217133
 0.51465228 0.15565211 0.31377262 0.03803832 0.16567958 0.13046736
 0.53563656 0.69608705 0.23989346 0.69551774 0.22770277 0.05348923
 0.61826142 0.32076462 0.60780967 0.68890832 0.62500669 0.01373874
 0.05391173 0.0159429  0.49705041 0.63502904 0.73465959 0.15636667
 0.4373357  0.0932116  0.30926668 0.03579353 0.50948196 0.39472789
 0.40482958 0.51200057 0.201429   0.70746218 0.56863244 0.12766452
 0.01373874         0.36013166         0.13300385         0.40967577 0.39111367 0.37317333
 0.02610226 0.51456585 0.33038088 0.23581576 0.39735553 0.55714665
 0.39989083 0.11089135 0.52406912 0.47006246         0.4         0.4
 0.39889031 0.22659264 0.01724491 0.72627788 0.49590358 0.59344939
 0.42225982 0.45668395 0.49991972 0.47044591 0.23217969 0.24106236
 0.52314089         0.4         0.4         0.34242302 0.23624961 0.37016652
 0.68374384 0.57454775 0.40806441 0.07984279 0.15225768 0.6177666
 0.67676109 0.59135872 0.5784241  0.22871603 0.48343156 0.23643305
 0.04768378 0.01571921 0.22535577 0.10455525 0.2455405  0.18076968
 0.14718203 0.05026469 0.36013166 0.3787515  0.53197153 0.67019681
 0.53727154 0.17323953 0.14202814 0.13163711 0.59587944 0.58896245
 0.63106011 0.40855853 0.38556356 0.45167566 0.02911984 0.28470768
 0.70395657 0.57942825 0.66820594 0.69766934 0.34874342 0.74221251
 0.29521379 0.44792416 0.38004453 0.1769868  0.11547723 0.14661238
 0.70343465 0.36824875 0.44804461 0.4476298  0.42594378 0.20579181
 0.24242731 0.106932   0.50205861 0.30414422 0.71771259 0.47006246
 0.16027961 0.47560182 0.04836577 0.58549132 0.30996728 0.18555959
 0.65716925 0.49718236 0.38787816 0.15609437 0.03000168 0.29662039
 0.697705   0.31001883 0.62294327 0.47862023 0.45927939 0.62686217
 0.35692416 0.08016161 0.2591531  0.53368174 0.25512505 0.16396095
 0.37350873 0.43512518 0.13456475 0.04399006 0.22830893 0.13300385
 0.27629138 0.52314089 0.64014331
